VOCABULORUM OMNIUM. 21

maumam! (1711177777 7117717177 mm!
1171111111 7711 ,1111777111 1711711717 1771117717
domun w 1171111481, 5 «7710171712. 8478 1171117171
(1771717777 (1177117210,,15.787, 27777, 111714877 1117117117οῆ4
dommum 11 77177870,8777,2 1117117111
1117171747,1.117,1.211,1.1171771,7121,11711,711111·11,7171,1 710111Κί11
2118.,1,5.481.578.4, 8. 18].8216,7.,8117.4,12,711711111791,11,71171111117
77717171 717 77 7777 ,171777 17711,,1 «7117177 711 77717 ‘mamm
711, 77777, 12, 887 8 (111117.11117.91.311 11ἰί71111571 1711118111. 10
&actumst 11117117.11771,111111111,7,1 87117151714
71777717174 dulcem 11, 7 774,7. 787, «1177777771 1171717811 7174
7777211111 1 7711711717Μᾶ 7777711878
111111 11111 771, 7 711, 1171117111. 11771117 «1117111711 7 1117171771177 1
12 2ω,1.780,7.174,7474, «1111117111 ο7717117711777,7
11171171 47777571 1. 5170 «0171770776 ‘mc-ndum. 1
7177777711, 7 7111111717,771,5. 17214. 1-10, «071711111111711717
110ῐί7117 im 2281. 8. ‘em tm, 2. «11112117171 7771117571
1107171118 ⁸12,ss ³8³,st ⁴³3. 1,,1111 12, 1411101, 1 7111711717 17778
dormire 757, fi. 614. 8 778 ,4711 1271112 ‘ditm' 42016 117117711’18.1
7. 75712 3 8711717577.571,.4077,7.711711717117,4 emimbiturm
7177711717 ..57 7 7777710117 edixit 7177 emim 1177, 12
1717711ιί707, 1111777 dulcit 77 labilem mem 1717 ,77171117377074 71717717 17218
111 7777111717 7714 871, 4 70771777777 17717781712
domim 701 1 dulcibus 474, 10 Edonis 1712 11771711 757, 8.
717171177707, 107,..178,1 105. «tustinum, ,4 7877711117, 17 77711751. 18
14 117171710177717715, 1171711711 7777717741, 7
[17111117771111.1.,7171,177,7.7717,17711111,,,,’.111111177,711111.1171111’17771177.
1111171177.717,1.177,17 71171 11111111 ....11 unga 7171 1111717717 717 7177
57777175 1711171171771 1777177722
‹mama-w 1111111111 7111 1117711737 7777717110 .
77111711171111 771 ue. 1117777 7277 18171771 10 empus 877 ’ “
17117717,17771,1.717,1 1111117171’111111111111717.7 17157111517171117777717,1 ·
1111117771 m 1 7111. 77117 17171,ι777·1 1171171171,1111,77.717
117770ιῆ5787 717171811711177101118875 Μὼῇἱ um
1171717717 701, 2 717 1777771117 517, ί,,,’,12 ‘fleu 4 eulmen
1171571777 7171 177711771112,10.412,4. ‘sstem 1711717177,881,5,7
17111.111117·1,7 771. 11177 emmam. 1111111711 1
1177774177 dumne 7077 effi' 11177 5110.. ‘¹ 7777771777 77771
1111.7111.1.·771121”- ’,171717
(171711771711 11771717110187711 1202717881,2182.107’ ’.1774 “
71111717 10211 71177579, 1888878583 ἅψει-1115210 ‘Eme numu
111111111717 mmmmm? 7117 ςὶ.71718.7 1517177717,2
1711111177πρ 117.7177711185,8 10,υὲ1118.2709,21187. 10 mmmm
1111171177520 7111717718οΜ 1001711651, 10 ’1177117287Ιο
7117111171.71,8.,5055 71171770117177 7 1777111411οπὶ11771 ει1,1177847,8.778.7
1177771145 5711 dun 777. 1778. 271. 71. ‘naun-emsa 1711111111122
7111“7·11714,,1.,725,8.8108 4779824102671, egmffi4 Εωι1Μ..,18771,895,7
71711112 0177227. 82, 441 ,12477752 mm, 1717771071 Ennianum. 81171
1111177171 11711117, :m
1117171777717117111111111771717177777,..177171177777717111111771171117
111717·.17111421,5777,1 4 7 misso, 7241775778
,1111171177 11 1711711117, 7. 7771 ema-1140· 1177177 711,,,’1
7177771712, 5 dume 7711,11,7ἱ’1·1551,5.711,8.887,,2. comm!
7171777111 5777 dumah 1777 m 77, 7 711, 2 881. 8. 77171877 4777
ducentum 717777771117517 74711. 7778. ‘phebi 1477
ducentium& 71171711 457, 18 ‘gl 2¹24,ss 1. mv 1
7717117ω74172771117112ωσμ 7111771277. 778, 87787, {plum
anuum-auin 71771781 7 1117812
777717787745478878. 1177178111,7. 44774871. 1377771075 Fpkurlffl 10
711,17117171.7.117,1111111711177.777. 11111111111,711111’111,7
11 1771. 1771 muz 1711177171, 71 1111111177, 117711 1111111711, 717177
17177177 mmmmm ..111111771711171171111
mmmmm 7771411171,1711,711111111177177
dumis 701, 18 777, 7, 701. 7 1117711177 2724
7111771,7775.74.1.,8848 7712018888811. 7777777178ωῷ
dures. 171771.151,1.,8112. 471, 282711 7171118776 eq
11777 . 1111111771,7177,.7777,17711111111777,1 1717.’171,17.1711177,
1771771177,77,7τ1,711177,1,717717’11171,1711,1 mmmmm
7771ω71127718,12 E 71711074 ο71,1111177777772
ww 1171777717771241, 5 εφο7171107,1,2
dathum!- 5 Effls 17727571 7111707717111118,,117171581,1.782,8
077171711114717 7 m. ..7717074 1111107112 equlme
1111177111. magr 7727777741717 1177171777 eqxummamem
717117171710717η7 efflatum 11171871 1874
1111117117717,τ77,771711117717 Ε17<177777771αι177777711υ Emi-⁸
1111 · 1711117171 17717711211771111111117117
71711121178471078710. 1171717772 7117717118771Η70781258 equimmmt
77777717717171, 1711111171, 1171777 mmmm «1111117711
&mmm ,711111771171141111111117177777 71177777. 71177,
7171711771 7171 7717 ‘nomm 7111777, 71711717,
11171771, 7 7171117777, 1771 7111111 17711771 7171 1771, 717177
71117 18111 117777717171 1117117771 111, 77
8178187710 7111716771 7117712774 771177711117718774
mm 171274 tamum 71710 111771171711177171111
mm. 17 11171111771711 7711111111 «1117111171
81011877287717777772 711117878 «1711777277. 471. 1710.
17771717, 7 7117171117 11117711, ..11117711 777771

 

